11863237
16199412
16941239
19493324
19569263
21450262
21534661
22309719
22645164
23046777
24146758
24467424
24882909
24979314
25156003
25610410
26575348
26579061
28300508
28955213
28958002
29578742
29939051
30127731
3069875
31304366
31357980
31545815
31573916
32655984
33562129
33749936
34054628
34260686
34306146
34350544
34560133
34759206
34941558
35391975
35623448
36000763
36416880
36630953
36724699
36731199
36810609
37205669
38204770
38376930
39243923
39633430
39690521
39808431
40373021
40627390
41057603
41143765
41327816
41331213
41743305
41886931
41949420
42043659
42453615
42757902
